00010000000001100000010000001111010010000000010100001101010010110001100100000010000110110000100100001101000011100001110000110001001010100110001100110011001110010110100000101110001001010011000100100110011110000001110100100100001111110111011000100001001001100010110000000111011010100011011100100010000111000100101100010101000111100000101100000011000010100101010000000101000110110001110101010010000101110001101001000101000011010000000001011001000000110100111000001111000000110100101100001011010010100001000101000111
00000001000101100001101000000110010010000000100000001101000001100000011100011111000111010000010100000110000001110000110100110000011110010011010000101111001101110011110001100010001000110010101001100011001011000000110000100010001001000011110100100011001001100010010001010000001001010010010101101010000000000000010000010010010010110001000000001001000011000001100000000000000110110000110101010010000000110001000000010001010010010001101100010001000000110001110101001011000010100001100100001101000001110101000000000110
00001001000110100101011000000101000111000000001100000111000110010100101000010001000111000001000101000011000000000101100100101001001011000011000000110011011101100011111100100011001001000010100100100010011110000001000000101110001001100011101001101010001100010010110000000101011010100010101100100101000011100100101100001110000001100100011100000000000111000001000100001000000111000001011100010101010001000001001000001010000111010001101100011000010010100000001100001010000001110000111001000010000100110001111100010010
01000111000101100001100000001110000011010001100100010001000111110000101100011000000011010100100000001101000011000000111100100110001010110110001100100000001110010010011000101100001010110110011100100100001100010001001000101110011010100010111100100101001111010110001100000101001110100110001100100100000111000001110100000010000110010100011100000001000101100001101000001010000101000101100100011110000000010000000101000101000100000000000000001100010010100000101000000100000110110000010101000010000001000001010100010001
00000010000100010101011000001101000001110000010100001100000010100100101000000100000111000000011001000011000010000000101100101100001011000010110100100011011101100010100100101100001011100110011100100111001111010001011100101110001110000010001001101010001100010010110000000101011010100010110100101111000011110000111000010101010010110000000000001001000101110001101000000101010101010001010000010011000011110001000001000101000100000000000000001100010010100000110100011001000101010100101100001100000011110000011000000010
00010101010000110001000100000101000001100000010100000011010010110001100100010111000100000100100000000100000001100001011000100111001110110011101000100010011101100010011000100111001111000010001000110001011110000000001100100100001001000011100000101011011010000011011100010101001001100010111101101010000110000100101100001011000000100000001001000110000110000001101000000000010101010001000100000111000101100000000101000101000100000000000000001100010010100001100100001110000110100000111001000010000000010001111000001000
00010000000011010101011000001111000010010000100000001010010010110000010100000010000000010000110100010001010010010001111100101100001010110110001100110100001110010110100000101110001001010010100100100100011110000001110100100100001111110010010001101010001000000010011000010001001110000011011100111001010110010000100100000010000011100000100101000110000110000001011100001100000111000001011100010101010001000001011100010000000111010100111100000000000001010001101100011001000010010100101100010110000001010001111101000111
00010100000010110000111101001010000111000000010001000010000110000000101100001111010010010000000100010111010010010000101000100010001000000110001100101110001000100110100000101011001001000011010000101010001111000000000101101011001111010011001101101010001010100010110000000100001000100110001100100001000101110000010000010000010010110001000000001110000110000000000000010111010101010001101100010111000000010001101101000101000011100000000000010000000001000000100101001011000000110000010101000010000011010001111100001110
00001001000001000101011000000101000001100100101100010101000011100100101000011101000001110000011100010100010010010000110100101011001111000110001100100000001101110010010100100111011010100010011000101101001111000100010000111100001011110010010000101111011010000010010000011111001001000010110100101011010110010001101100001011000010100001111001000110000100000000000001000100000101000001011100010110010001000001110000000011010010010001011000010110000111110100111000001010000111110000000001000010000001110001010101000111
00001111000011000000000101001010000000010000011001000010000011010000111100010011000001010000000100001101000011100101100100100111001101100010110100110011011101100011110000100111001001100010101101100011001101010000000101101011001100110011100100111111001110100010011001010000001111100010110000100101010110010000100100001011000000100000100100000010010110010000000000001011010101010000101000010111000000010101010100001011000011000001100100011100000110000100111000001100000000110000010100001100000010110101000000000000
00001110000101010001001101001010000100010000010000010111010010110001111100000110010010010000011000000110000111110001110000110001011110010010010000101000001110000010011000100011011010100010101100100110001011000100010000110010001001010010001101101010001011000010110000000111001001000110001100100100000111000001110100000010000110010100011100000001000101100001101000001010000101000101100100000000000100010001101101000101000010000001110100010110000111110000000000001111010011000000101000001100000011100101000000000011
00000010000100000001001100011000000111000100101100011011000001000001111101010110000001110000110100010101000011000000101101100011001111100010110000101001001110000010100101100010001001110010011000101000001111010100010000110010001001010010001101101010001010110011000100001001011010100010110100101111000011110000111000010101010010110000000000001001000101110001101000000101010101010000101000010011000111010101010100000010000001100000000000011101000010000001011100001110010011000000010100000111000111000001010100010101
01000111000001000001100100000100000001100000101001000010000111110000111100011010000001010100100000000010010010010001010100101010001111000110001100100110001110000010110001100010001000100011001000110001001011000100010000110010001001010010001101101010001001100010011000000110001011110011000101101010000111100000010000001001000001010000011001000110000111100001110100010010000100000101100100001011000010110000000001000101000111000001111101011001000001000000101100011101000010010001100101000010000011010001111100001001
00001001000000100101011000000110000011010001111101000010000100100000010100000011010010010000110000001100000111100001011101100011001101110010011000110001001100110011101001100010001011010010100000101101001101100000010101101011001110000010001100100100011010000010001000000010001001010011011000100100000111010100101100000110000001010000001101000110000111010001000100010111000100000000101100000110010001000000110000001010000111000100111100010111000011110001100000001110000111100100101100000101000001010001111000001001
00000110010000110001101100001011000000110000111001000010000100100000010100000011010010010000101100010001000100000101100100101101001111000011010100100010001001000110100000100101001001010010100100101101001110010100010000111000001010110010111101101010001011110010110000011111001011100010000100110011000111000100101100001001000011100001000100000011000010110101010000000011000110100001011100011100000001010101010100010001000011000000001100010101010010100000111101001011000000000000001000000111010010100001000100001001
00000011010000110001111000011111000110100001111101000010000100100000010100000011010010010001111100000110000111110001110001100011001100100010110100101000001000010010011001100010001011110010011000100000001100000100010000100100001111100011111000101111001110100110001100010110001001010011000101101010000010100000010001000111000001110000100000001000000111100101010000011101000110100000110000000000010001000001110100000000000010000001110100001101000110010100111000001001000010010000111000001100010010100001000100000100
00001111000010100001100000001101010010000000100100010111000111110100101000001111000001100001110100010001000011000101100100110111001101100010110001100111001001010010000000111011011010100011001100101100011110000001011100101010001100110111011000100011001111000110001100000100001001010110001100111001000110000001001001000111000000100001001101000110000100000001101000010111000111000001110100010111010001000000001000000000010010010000110100010110000111100000011001001011000001110000010100001101000111010101000000010000
00001111000000100000001000011001010010000000100100000111000011100000010001010110000011100000011100001010000001110001111001100011001101100010110101100111001100010010011100101011001001000010000001100011001101110000101001101011001111010011001101101010001000110010110100011111001111010110001100111110000100010000111001000111000011000000011000001011000111000101010000000101000110110001110101010010000100110001000000010111000011000100111100011110000001010000000000000101000011010100101100010010000001100001000100011110
01000111000010100000001001001010000000010100101100001000000111100001100100000010010010010001111100000010000001110001011100100010011110010011011100100010001110100010010001100010001100110010100000110110011110000000110000100100001111010111011000100011001001010110001100010110001011110010011000100110000100000000010100000000010010110000000000001001000011010000000000000101010101010001010000010011000011110001000001000101000100000000000000001100010010100001101100000101000010000000111000010000000110010000010000000110
00001001000001110101011000000100000011010001110100000111000110010100101000010001000001100000011000001101000010000101100100100100001100000011010100100010011101100011000100101101001111110110011100110110001010000100010000100101001011110010000000101111001110100110001100010111001001010010110100100100000110000100101100001011000011100001001101000110000000000001101100010001010101010001110100011101000100110001101101000101000001110000101000001111000011110001110001001011000010110000010000001100000001000001000101000111
00010101000101100001100001001010000010010001100100001101000111100000010000010010010010010000100100001101000011010101100100100111001111000011000000100010001001000011110001100010001100110010100000110110011110000000101000101110001111000011001100111000011010000010010000011111001001000010110100101011010110010000011000000110000000000000001001000110000000000001101100010001010101010001101000000000000111010101010100001011000011000001100100011100000110000100111000001100000000110000010100001100000010110101000000010100
00000110000110100101011000001101000001110000010000000110000010010001001100010011010010010000011000000110000111110001110000110001011110010010010000101000001110000010011000100011011010100011001100100110001101000000100001101011001010110111011000100110001000010010011001010000001010110010110100101110010110010000001100010010000110010001001101000110000000000001101100010001010101010001011100010111000100100001000000010111010010010000100000010110000001000000000000001010010011000000110000001011000111000001010101000111
00011110000011000000001101001010000111010001101101000010000001010000111100000000000011000001101001000011000011100001011000101101001101110010001001100111001110100010110100110110011010100011111000101100001011010100010000101111001001010010000100100100011010000010110100010101001111000010011000111000010110010000110000001000000001010000100100000111010110010000011000010001000110110101100100010011000101100001101000010000000001110000101101011001000010110000000000001111010011000000111100000111000110010001010100010101
00010011010000110000111100000101000111010100101100001100000011100001110000010011000110110100100000000100000001100001011100101101001110000110001100101010001101110010001100100111011010100011111000101100001011010100010000101000001110000010111101101010001001100010011000000110001011110011000101101010000111100000010000001001000001010000011001000110000010100001010100011101010101010001111000011101000010110001000100000111000100000000101001011001000001000000101100011101000010010001100101000010000011010001111100001001
00001001000000100101011000011110000011010000011100001110010010110000101101010110000001010000000100000110010010010001100000101101001111010110001100101111001000110011101000110110011010100011111000101100001011010100010000100101001011110010000000101111001110100110001100010111001001010010110100100100000110000100101100000000000000100001000100000011010110010000110100001011000000000101100100000111000101000101010100001011000011000001100100011100000110000100111000001100000000110000010100001100000010110101000000001011
00000010000101110101011000010011000001110001111001000010000011110000010100000001000001110100100000001101000011000000111100100110001010110110001100100000001110010010011000101100001010110110011100110001001011010000101001101011001010110010010000100101001111010010110100010100011010100010001000100100000111010100101100000011000011100001010000000011000010110000000001000100000011000001011000000111010001000001101100000000000111110000101000001011010010100000100100000100000000100000010100000011010010100001110100000110
00001100000001100101011000010011000001110001111001000010000010000001100000001111010010010000011000000110000111110001110000110001011110010010010000101000001110000010011000100011011010100011010000100010001000010100010000101100001001010011100100101110001010100011101000010101011010100010110100101111000011110000111000010101010010110000000000001001000101110001101000000101010101010000110100010111000010000001100101000101000010000100111100010101000000110000101101001011000011010000010100000110010010100001100000010010
00010101000101110101011000010011000001110001111000011010000100110001001000001110000100010001000000011011000100010000000100111011001000010011101100111111001011100011000000111010001100100011111100111011001000000001110000110011001100100010111000110010001100000011101100001000001100100011101100110010000000010001001100011111000100110001111100011110000000010000110000011100000011010000000100001010000111000000110100011101000100010001011100000001000100100001011000010011000101000001001100011010000100100000100000011111
